4235 17533 29968 38464 41191 41877 42525 42840 43003
7600 17549 30374 38522 41199 41905 42537 42848 43010
7601 17722 30520 38693 41208 41906 42555 42849 43013
8284 17725 31048 38694 41211 41907 42559 42851 43023
8456 17815 31049 38824 41256 41924 42570 42852 43027
8610 17841 31298 38869 41258 41929 42596 42857 43028
8910 18187 31763 38934 41271 41932 42597 42866 43029
9474 18716 32203 39159 41302 41942 42600 42871 43035
9480 18949 32354 39161 41330 41943 42601 42875 43043
9798 19091 32355 39190 41377 41948 42606 42879 43044
9824 19112 32448 39420 41388 41970 42609 42880 43050
10138 19208 32938 39527 41389 41971 42642 42881 43051
10140 19447 32943 39605 41398 41977 42644 42886 43052
10966 19494 32987 39635 41399 41980 42645 42888 43053
11243 19676 33033 39697 41400 41986 42647 42890 43054
11408 19854 33096 39883 41401 41990 42649 42898 43055
11419 19861 33163 39946 41406 42007 42652 42899 43057
11548 19895 33238 40103 41417 42008 42653 42802 43065
11997 20156 33468 40128 41434 42009 42655 42907 43067
12148 20319 33512 40248 41436 42017 42656 42909 43069
12643 20645 33646 40549 41437 42043 42670 42910 43070
13308 20653 33667 40553 41507 42061 42680 42913 43071
13746 20806 33916 40568 41509 42062 42682 42914 43072
13797 20823 33919 40569 41511 42065 42684 42915 43077
13932 20908 34622 40612 41519 42090 42686 42916 43081
14174 20964 34624 40619 41520 42099 42694 42917 43083
14245 21052 34695 40651 41521 42103 42704 42918 43084
14381 21521 34760 40666 41526 42167 42708 42919 43085
14405 21957 35576 40710 41533 42214 42728 42923 43086
14443 21974 35613 40777 41534 42224 42735 42928 43097
14444 22003 35616 40804 41536 42240 42739 42929 43098
14500 22272 35789 40806 41598 42279 42754 42930 43100
14599 22293 36276 40807 41616 42330 42755 42937 43101
14922 22349 36325 40809 41619 42371 42759 42942 43103
14923 22494 36410 40842 41656 42383 42767 42943 43104
15088 22733 36483 40865 41659 42397 42772 42945 43105
15189 23096 36549 40897 41680 42402 42776 42947 43108
15190 23357 36653 40932 41686 42403 42777 42948 43111
15353 23669 36820 41023 41688 42409 42779 42961 43112
15599 23894 37102 41024 41689 42423 42781 42962 43116
15775 24358 37103 41035 41697 42424 42782 42963 43118
15776 25288 37443 41042 41698 42425 42805 42978 43119
15777 25345 37564 41043 41710 42433 42825 42984 43121
16037 25363 37912 41045 41711 42434 42827 42988 43122
16839 25554 38016 41047 41712 42443 42830 42990 43123
17258 26603 38288 41049 41724 42489 42831 42996 43129
17259 27552 38300 41050 41746 42494 42832 42997 43131
17261 28273 38313 41075 41778 42503 42833 42999 43134
17424 28322 38332 41115 41802 42505 42837 43001 43147
17460 29714 38369 41175 41805 42512 42839 43002 43150
       
43154 43258 43362 43470 43561 43660 43808 
43157 43259 43364 43471 43563 43661 43809 
43158 43262 43365 43472 43566 43665 43810 
43159 43263 43366 43473 43568 43669 43811 
43160 43265 43369 43474 43569 43670 43812 
43161 43266 43370 43475 43570 43672 43813 
43162 43267 43372 43476 43571 43673 43814 
43163 43268 43375 43477 43572 43675 43816 
43164 43269 43376 43478 43573 43677 43818 
43165 43270 43380 43480 43575 43679 43820 
43168 43271 43881 43481 43576 43688 43823 
43170 43272 43382 43482 43577 43693 43834 
43174 43279 43386 43484 43578 43694 43845 
43175 43280 43388 43487 43579 43696 43846 
43178 43282 43390 43490 43580 43697 43858 
43179 43284 43393 43491 43582 43698 43863 
43180 43286 43394 43493 43583 43699 43873 
43183 43287 43399 43496 43584 43700 43876 
43184 43288 43404 43497 43586 43701 43879 
43185 43290 43405 43500 43588 43702 43884 
43186 43291 43413 43501 43590 43703 43885 
43187 43295 43418 43505 43591 43704 43908 
43188 43297 43419 43507 43600 43705 43909 
43189 43299 43427 43511 43603 43712 43910 
43190 43302 43428 43512 43604 43715  
43192 43303 43434 43513 43605 43718  
43193 43309 43435 43514 43606 43721  
43194 43316 43436 43515 43607 43722  
43196 43318 43438 43521 43608 43723  
43197 43319 43439 43523 43609 43726  
43204 43321 43444 43524 43610 43727  
43209 43322 43445 43525 43615 43728  
43210 43323 43446 43526 43616 43729  
43212 43324 43448 43530 43617 43730  
43213 43325 43449 43531 43618 43732  
43216 43327 43450 43532 43624 43742  
43219 43331 43452 43534 43625 43743  
43220 43332 43453 43535 43630 43744  
43221 43334 43455 43536 43632 43745  
43231 43335 43456 43537 43636 43754  
43232 43336 43458 43538 43638 43756  
43233 43337 43459 43541 43639 43758  
43234 43342 43460 43546 43641 43759  
43235 43344 43461 43547 43642 43769  
43241 43345 43462 43548 43643 43783  
43244 43348 43463 43549 43646 43787  
43245 43350 43464 43550 43647 43794  
43249 43353 43467 43552 43648 43795  
43250 43354 43468 43555 43657 43799  
43257 43358 43469 43559 43659 43807  